x 		  y 		     t  u 		    v                   action
0.0 		  -185.0 	     3  0.0 		    0.0 		-1
-1.550679752575633 -185.0812676822117 6 0.009001784473786268 0.009001784473786268 -1
-6.485352962915698 -185.59992273627049 3 0.02447199703739891 0.02447199703739891 1
-15.944187886292022 -186.0956392692095 0 0.03308126183936361 0.03308126183936361 1
-25.934728961779847 -186.0956392692095 -3 0.03308126183936361 0.03308126183936361 1
-35.26251280281437 -185.60679083246865 -6 0.024602836928006272 0.024602836928006272 1
-40.547950395435485 -185.05126895625176 -9 0.006989790867406746 0.006989790867406746 1
-39.30579050662345 -185.248007755035 -6 -0.015614989330906682 -0.015614989330906682 -1
-32.70069511564764 -185.94223125496032 -3 -0.030614823809814885 -0.030614823809814885 -1
-21.885981580109256 -186.50900637494013 0 -0.03877923298371454 -0.03877923298371454 -1
-10.523666315881055 -186.50900637494013 3 -0.03877923298371454 -0.03877923298371454 -1
-0.42689337270837474 -185.9798569270633 6 -0.031216687306608766 -0.031216687306608766 -1
6.351148955882401 -185.26745597151842 9 -0.016164588596066738 -0.016164588596066738 -1
7.8592005212119735 -185.02860406836282 6 0.004562978021763926 0.004562978021763926 1
4.151002845887994 -185.41835134924173 3 0.020242247511911872 0.020242247511911872 1
-2.8973838355181303 -185.7877416427424 0 0.027909465101503536 0.027909465101503536 1
-12.498239830435274 -185.7877416427424 -3 0.027909465101503536 0.027909465101503536 1
-20.591746945540134 -185.36357890822828 -6 0.018829176693352316 0.018829176693352316 1
-23.096919730742542 -185.1002746384312 -3 0.009526143462531202 0.009526143462531202 -1
-24.71662554949422 -185.01538945337856 0 0.0023822854353694506 0.0023822854353694506 -1
-25.455134034459025 -185.01538945337856 3 0.0023822854353694506 0.0023822854353694506 -1
-27.5801270851901 -185.12675562015923 6 0.010808374390483306 0.010808374390483306 -1
-29.38514993307614 -185.31647116622338 3 0.017498196039613098 0.017498196039613098 1
-36.08745664414544 -185.66772417702435 0 0.02563643723539128 0.02563643723539128 1
-43.804024251998264 -185.66772417702435 -3 0.02563643723539128 0.02563643723539128 1
-50.30455023960765 -185.32704604584202 -6 0.017786043798949304 0.017786043798949304 1
-53.29981803110108 -185.01223071520118 -9 0.0008001685179556751 0.0008001685179556751 1
-49.191538043591954 -185.66291834171912 -6 -0.025480821608803283 -0.025480821608803283 -1
-38.37073058468495 -186.80023103464467 -3 -0.04225763996326159 -0.04225763996326159 -1
-23.474084232186414 -187.58093118874396 0 -0.050657560940254504 -0.050657560940254504 -1
-7.618267657886509 -187.58093118874396 3 -0.050657560940254504 -0.050657560940254504 -1
6.76186883775482 -186.8273001692204 6 -0.04257165570071927 -0.04257165570071927 -1
17.81906789423862 -185.66514171820833 9 -0.025481251956458006 -0.025481251956458006 -1
20.56567148452288 -185.23012244576728 6 -0.014609056636161851 -0.014609056636161851 1
22.585880777657103 -185.01778989293578 3 0.0005475705376478574 0.0005475705376478574 1
21.147993992082938 -185.09314634622814 0 0.008685811733425556 0.008685811733425556 1
15.041868343485024 -185.09314634622814 3 0.008685811733425556 0.008685811733425556 -1
10.734949516674135 -185.31886239749363 6 0.017347412491632744 0.017347412491632744 -1
2.3743950573594406 -186.19759208033696 9 0.034333287772626356 0.034333287772626356 -1
-2.342335309172468 -186.94464877960155 6 0.04387579014008011 0.04387579014008011 1
-19.641642894456226 -188.76287927397854 3 0.06117525081087668 0.06117525081087668 1
-39.355881534015154 -189.7960587413337 0 0.06910414818168133 0.06910414818168133 1
-62.505771174877836 -189.7960587413337 -3 0.06910414818168133 0.06910414818168133 1
-80.80037787616007 -188.83727903126288 -6 0.061777114307670564 0.061777114307670564 1
-97.34077688380312 -187.0988130425754 -9 0.04557520250118435 0.04557520250118435 1
-99.63025226066249 -186.73619576637506 -12 -0.04132414282866352 -0.04132414282866352 1
-59.15264146416992 -195.33997754189485 -9 -0.10151457732040628 -0.10151457732040628 -1
-26.324670234478525 -200.5394173920993 -6 -0.12451044368132147 -0.12451044368132147 -1
10.946131231208168 -204.45673647788914 -3 -0.13935348546532636 -0.13935348546532636 -1
54.61015085458765 -206.7450707809216 0 -0.1473347187923736 -0.1473347187923736 -1
99.69457480505525 -206.7450707809216 3 -0.1473347187923736 -0.1473347187923736 -1
144.74081193030733 -204.38429752812985 6 -0.1390918056841117 -0.1390918056841117 -1
186.94448149626643 -199.94851311299445 9 -0.12210593040311957 -0.12210593040311957 -1
219.9290487673679 -194.72427088641456 12 -0.0984061089495233 -0.0984061089495233 -1
243.01565292156454 -189.8170616867617 15 -0.06909056054421785 -0.06909056054421785 -1
258.5026365888392 -185.66733691992135 12 0.024731343305446532 0.024731343305446532 1
244.32423318629364 -188.68104959713688 9 0.060180286589874024 0.060180286589874024 1
223.3343926851535 -192.00551373741132 6 0.08333258741582925 0.08333258741582925 1
191.1350198090763 -195.38980419958577 3 0.10162506848767094 0.10162506848767094 1
155.5562968659361 -197.25440605876236 0 0.11041750913648363 0.11041750913648363 1
115.695576067666 -197.25440605876236 -3 0.11041750913648363 0.11041750913648363 1
82.36435752118535 -195.50759091394357 -6 0.1022007640063432 0.1022007640063432 1
51.071673686145544 -192.21859731005114 -3 0.08458771794574134 0.08458771794574134 -1
23.262388441741923 -190.76117442694328 0 0.07548126155947106 0.07548126155947106 -1
-4.28827202746496 -190.76117442694328 3 0.07548126155947106 0.07548126155947106 -1
-27.665656252608898 -191.98633121962948 0 0.08320081510530362 0.08320081510530362 1
-55.288326867568784 -191.98633121962948 -3 0.08320081510530362 0.08320081510530362 1
-81.80027313674462 -190.59689899119067 -6 0.07438220647836948 0.07438220647836948 1
-102.22684459302491 -188.44997981917862 -9 0.05818029467188169 0.05818029467188169 1
-116.04635856445748 -186.2611838332557 -12 0.03455869045080764 0.03455869045080764 1
-121.64082451567013 -185.07204338628588 -9 -0.0012021203698470945 -0.0012021203698470945 -1
-114.10867491539963 -186.2650186851653 -6 -0.03452266142341639 -0.03452266142341639 -1
-96.0409424429168 -188.16401388967046 -3 -0.05558514677184846 -0.05558514677184846 -1
-75.52414796697511 -189.2392535261611 0 -0.06453459528939177 -0.06453459528939177 -1
-54.48586990263368 -189.2392535261611 3 -0.06453459528939177 -0.06453459528939177 -1
-33.53488161239049 -188.14125875608443 6 -0.05537580294687667 -0.05537580294687667 -1
-18.812700949398472 -186.59389521605752 3 -0.03896483421385515 -0.03896483421385515 1
-6.6208217835535645 -185.95494590368838 0 -0.029649034002610673 -0.029649034002610673 1
3.6080949473470953 -185.95494590368838 -3 -0.029649034002610673 -0.029649034002610673 1
16.199828755420473 -186.6148507098927 0 -0.039226513995069885 -0.039226513995069885 -1
31.419716185508253 -186.6148507098927 3 -0.039226513995069885 -0.039226513995069885 -1
42.427597599958034 -186.03795209035033 6 -0.031009768864927283 -0.031009768864927283 -1
49.90000141698472 -185.25257080156544 9 -0.013239930109426278 -0.013239930109426278 -1
49.37331703451509 -185.33598941271043 6 0.016013314853097017 0.016013314853097017 1
41.17955055946779 -186.19718897201582 3 0.03341730398716124 0.03341730398716124 1
27.809244097819754 -186.8978970420045 0 0.04262843228591982 0.04262843228591982 1
10.672614318880068 -186.8978970420045 3 0.04262843228591982 0.04262843228591982 -1
-5.470589930699334 -187.74392652723753 0 0.05160404878158515 0.05160404878158515 1
-18.939246662692884 -187.74392652723753 -3 0.05160404878158515 0.05160404878158515 1
-35.66672388540037 -186.86727659298776 -6 0.0422620805922192 0.0422620805922192 1
-46.598212651977505 -185.71833082586136 -9 0.025223941079591763 0.025223941079591763 1
-50.587443553536026 -185.08649872219257 -6 0.0016023368585167327 0.0016023368585167327 -1
-46.66137022484773 -185.49914565700132 -3 -0.020348640427690426 -0.020348640427690426 -1
0.0 		   -185.0 	       3  0.0                   0.0                   -1
-1.5059938345287116 -185.07892579248158 6 0.00887094458317891 0.00887094458317891 -1
-6.796544613958929 -185.6349850862878 9 0.025177384852932774 0.025177384852932774 -1
-15.173322014109766 -186.96173628653455 6 0.04426238958784055 0.04426238958784055 1
-31.204877444543094 -188.6467206601695 3 0.06035977293105911 0.06035977293105911 1
-48.16655083068683 -189.53564429526156 0 0.06732045511136972 0.06732045511136972 1
-69.77641692143702 -189.53564429526156 -3 0.06732045511136972 0.06732045511136972 1
-86.55022961254588 -188.65656602201085 -6 0.06043827686542353 0.06043827686542353 1
-101.28987786712764 -187.10736656412797 -9 0.04585655623958594 0.04585655623958594 1
-111.4988640674947 -185.49042199850157 -12 0.022000300320951138 0.022000300320951138 1
-112.75630895021659 -185.22314383774062 -9 -0.014592157262974536 -0.014592157262974536 -1
-103.41830788581026 -186.70213791007671 -6 -0.0411077990872935 -0.0411077990872935 -1
-88.12495672203133 -188.30953388879516 -3 -0.05741423935704736 -0.05741423935704736 -1
-65.6525273567681 -189.48726400692365 0 -0.06688704743701952 -0.06688704743701952 -1
-44.917542651291626 -189.48726400692365 3 -0.06688704743701952 -0.06688704743701952 -1
-25.58808814710859 -188.4742502216068 6 -0.05882731017560692 -0.05882731017560692 -1
-7.626700689892866 -186.58643232860564 3 -0.0396463371659926 -0.0396463371659926 1
4.564417572110931 -185.94752289351712 0 -0.030539880779719905 -0.030539880779719905 1
14.153940136943024 -185.94752289351712 -3 -0.030539880779719905 -0.030539880779719905 1
23.044752980025283 -186.41347065064414 0 -0.0373958910475459 -0.0373958910475459 -1
35.310605243620095 -186.41347065064414 3 -0.0373958910475459 -0.0373958910475459 -1
45.947701216498594 -185.85600407268498 6 -0.028995970070552983 -0.028995970070552983 -1
52.1172596306411 -185.20755735363963 9 -0.013839342896743302 -0.013839342896743302 -1
52.46712703808661 -185.15214380012384 12 0.011581257672294301 0.011581257672294301 -1
44.85047357661728 -186.77111347132583 9 0.041832408686278286 0.041832408686278286 1
28.967229557075832 -189.2867721858992 6 0.06529757844231236 0.06529757844231236 1
7.701106105978372 -191.52193182829228 3 0.08061099831102556 0.08061099831102556 1
-19.134696952944093 -192.92833667188745 0 0.08890624737553038 0.08890624737553038 1
-46.69563363935884 -192.92833667188745 -3 0.08890624737553038 0.08890624737553038 1
-72.39376746267581 -191.581554546489 -6 0.08097735000472608 0.08097735000472608 1
-93.62075399275736 -189.35050836024996 -9 0.06576845859928056 0.06576845859928056 1
-109.95182515830224 -186.76392079379457 -12 0.041677550983085544 0.041677550983085544 1
-117.69545932289877 -185.1179605409374 -9 -0.009260813267265466 -0.009260813267265466 -1
-111.52795970182413 -186.09479651662275 -6 -0.032569548558260046 -0.032569548558260046 -1
-96.54073096698478 -187.67001773154982 -3 -0.051332407714803754 -0.051332407714803754 -1
-79.09258715604597 -188.58443620129228 0 -0.05957532082306783 -0.05957532082306783 -1
-61.57744283406314 -188.58443620129228 3 -0.05957532082306783 -0.05957532082306783 -1
-42.51094252686786 -187.58520326149272 6 -0.05049503241491661 -0.05049503241491661 -1
-28.678754476844016 -186.13138171444396 3 -0.03309104328085239 -0.03309104328085239 1
-18.933962916013666 -185.62067882916472 0 -0.02416776274143001 -0.02416776274143001 1
-9.460199921373126 -185.62067882916472 3 -0.02416776274143001 -0.02416776274143001 -1
-2.8611908254643392 -185.27483941697955 6 -0.015427658048857956 -0.015427658048857956 -1
-0.8606542535158481 -185.06457455046387 9 0.0051644492148697286 0.0051644492148697286 -1
-5.627230345330037 -185.81952603703004 6 0.02792566387822352 0.02792566387822352 1
-19.236125414272752 -187.2498785460621 3 0.04700210842457019 0.04700210842457019 1
-34.22367322305044 -188.03534264361855 0 0.0547216619704048 0.0547216619704048 1
-53.321533250721615 -188.03534264361855 -3 0.0547216619704048 0.0547216619704048 1
-69.18822316302986 -187.20380466074187 -6 0.0465049168402622 0.0465049168402622 1
-80.83857471058818 -185.97930337075945 -9 0.03061659042357895 0.03061659042357895 1
-86.74088229346957 -185.04446968762147 -12 0.00042473867081416726 0.00042473867081416726 1
-84.99366458099247 -185.4158522770746 -9 -0.019222916111464112 -0.019222916111464112 -1
-74.81869998175989 -187.027408350446 -6 -0.04448708221546106 -0.04448708221546106 -1
-58.41627577962744 -188.75137260271435 -3 -0.06084578671684875 -0.06084578671684875 -1
-36.242181134241434 -189.91346766069103 0 -0.06974289927814774 -0.06974289927814774 -1
-12.808566976784025 -189.91346766069103 3 -0.06974289927814774 -0.06974289927814774 -1
8.503591131153362 -188.79654478252496 6 -0.06121213841054937 -0.06121213841054937 -1
25.491040560124535 -187.0110919011786 9 -0.04427852736118959 -0.04427852736118959 -1
34.82819711461282 -185.5322315860728 6 -0.021908398860436926 -0.021908398860436926 1
39.246690733013985 -185.0678291932845 3 -0.0038249747151329607 -0.0038249747151329607 1
39.02031233432022 -185.0796931824377 0 0.005124473802410426 0.005124473802410426 1
38.04666231186213 -185.0796931824377 3 0.005124473802410426 0.005124473802410426 -1
34.44795373448924 -185.26829350726462 6 0.014649617838626061 0.014649617838626061 -1
27.60917006532688 -185.98707863495932 9 0.030537944255309313 0.030537944255309313 -1
16.94405597702574 -187.67626676083245 6 0.051187293640619115 0.051187293640619115 1
-4.551246909172126 -189.93551413249037 3 0.06984562433389614 0.06984562433389614 1
-28.135249263758347 -191.1714993225003 0 0.0781932093546439 0.0781932093546439 1
-52.1405645356342 -191.1714993225003 -3 0.0781932093546439 0.0781932093546439 1
-76.34280393006189 -189.90311370216176 -6 0.06961011253080295 0.06961011253080295 1
-96.50544376050573 -187.7839348618457 -9 0.05220612339673778 0.05220612339673778 1
-107.87407565930397 -185.9833204612986 -12 0.03038351552362628 0.03038351552362628 1
-111.84166469769013 -185.1399833771795 -9 -0.008703882350112636 -0.008703882350112636 -1
-104.26487539565719 -186.34002891023908 -6 -0.035688827569552536 -0.035688827569552536 -1
-90.39364957875742 -187.79795349192182 -3 -0.05225658899747553 -0.05225658899747553 -1
-71.62370739203789 -188.7816444791988 0 -0.060944357733804654 -0.060944357733804654 -1
-51.69490241308441 -188.7816444791988 3 -0.060944357733804654 -0.060944357733804654 -1
-31.58599915934919 -187.72778151585308 6 -0.05157622156631723 -0.05157622156631723 -1
-18.795691551128243 -186.38346601587824 3 -0.03626280169760607 -0.03626280169760607 1
-6.639028406695843 -185.74636229698655 0 -0.026031122252110024 -0.026031122252110024 1
2.5239266260469146 -185.74636229698655 -3 -0.026031122252110024 -0.026031122252110024 1
12.253409141085962 -186.25626286917293 0 -0.03445721120722441 -0.03445721120722441 -1
25.347149399831522 -186.25626286917293 3 -0.03445721120722441 -0.03445721120722441 -1
35.835929364835565 -185.7065692038186 6 -0.025246082908465826 -0.025246082908465826 -1
41.6299614329219 -185.09759189419754 9 -0.005228882192710282 -0.005228882192710282 -1
39.70929567034236 -185.401795466054 6 0.018158070330804327 0.018158070330804327 1
30.412767845622962 -186.37889991369724 3 0.03613696601284064 0.03613696601284064 1
16.222231768766026 -187.12259439632123 0 0.045269590377234804 0.045269590377234804 1
0.3326055463567036 -187.12259439632123 -3 0.045269590377234804 0.045269590377234804 1
-13.992898867149336 -186.37182652289994 -6 0.036032294100354745 0.036032294100354745 1
-18.20451534954751 -185.92916779328516 -9 -0.02919346697866076 -0.02919346697866076 1
-6.066271938628665 -187.85167668244623 -6 -0.05265863673469468 -0.05265863673469468 -1
16.164513675349177 -190.18822640375856 -3 -0.0714737601228734 -0.0714737601228734 -1
43.073561140512034 -191.5984698240297 0 -0.08073722437787248 -0.08073722437787248 -1
69.55537073645344 -191.5984698240297 3 -0.08073722437787248 -0.08073722437787248 -1
95.95498800345429 -190.21492450914397 6 -0.07165693596972367 -0.07165693596972367 -1
116.90324175890714 -188.01317431802573 9 -0.05414841837239058 -0.05414841837239058 -1
129.5801902864773 -186.0053429204631 12 -0.03037037968627626 -0.03037037968627626 -1
133.62363769767688 -185.14588164144496 9 0.007677459733373864 0.007677459733373864 1
126.66832655213561 -186.24749470451462 6 0.034036667092652906 0.034036667092652906 1
113.0655508023173 -187.6772040471898 3 0.050865749678745034 0.050865749678745034 1
92.71914115513174 -188.74351419318182 0 0.060443229671204246 0.060443229671204246 1
73.55863734935892 -188.74351419318182 -3 0.060443229671204246 0.060443229671204246 1
54.39671240040647 -187.73928025981894 -6 0.05146761317553892 0.05146761317553892 1
35.59413567756241 -185.76304981234023 -3 0.025910403906597768 0.025910403906597768 -1
27.653379594100315 -185.34689242017768 0 0.01596657222043793 0.01596657222043793 -1
22.192811894710267 -185.34689242017768 3 0.01596657222043793 0.01596657222043793 -1
18.04970822981439 -185.5640232825943 0 0.021723527407162047 0.021723527407162047 1
9.46891490398571 -185.5640232825943 -3 0.021723527407162047 0.021723527407162047 1
3.481265494294819 -185.25022387390698 -6 0.01256473506464661 0.01256473506464661 1
2.45974499572311 -185.14285774309639 -3 -0.007034351798038373 -0.007034351798038373 -1
7.020839215791964 -185.38189456227096 0 -0.01697818348419764 -0.01697818348419764 -1
11.18049416942053 -185.38189456227096 -3 -0.01697818348419764 -0.01697818348419764 1
19.061572849970965 -185.79492439427352 0 -0.026477159542292433 -0.026477159542292433 -1
23.139055419483952 -185.79492439427352 -3 -0.026477159542292433 -0.026477159542292433 1
31.167167768332146 -186.21565993431142 0 -0.033490177678847266 -0.033490177678847266 -1
36.59257655230574 -186.21565993431142 -3 -0.033490177678847266 -0.033490177678847266 1
42.54435272554938 -186.52757930634084 0 -0.0378602300251333 -0.0378602300251333 -1
48.261247459344254 -186.52757930634084 -3 -0.0378602300251333 -0.0378602300251333 1
56.09035514578701 -186.9378854539551 0 -0.04293681778069911 -0.04293681778069911 -1
73.3080190758474 -186.9378854539551 3 -0.04293681778069911 -0.04293681778069911 -1
86.37165160576257 -186.25324948369254 6 -0.034039705219398204 -0.034039705219398204 -1
94.60346119280753 -185.38805143219352 9 -0.017106094170038423 -0.017106094170038423 -1
95.8505252496244 -185.1905358895055 12 0.009644199351841154 0.009644199351841154 -1
86.16718918929793 -187.2487925079838 9 0.046340612781175586 0.046340612781175586 1
69.22345688787138 -189.93241606555378 6 0.06949291360712959 0.06949291360712959 1
45.293071635783406 -192.4476009070875 3 0.08569482541361795 0.08569482541361795 1
9.829653807271676 -194.3061598812664 0 0.09592650485911128 0.09592650485911128 1
-15.207163960956386 -194.3061598812664 -3 0.09592650485911128 0.09592650485911128 1
-44.51943158638772 -192.7699690292674 -6 0.08755275186024206 0.08755275186024206 1
-70.90277733484417 -189.99696765062595 -9 0.06993970579964019 0.06993970579964019 1
-101.19308754770472 -185.19945382030505 -6 -0.009372567975756434 -0.009372567975756434 -1
-95.0377049032917 -185.84641060591375 -3 -0.027090142499623614 -0.027090142499623614 -1
-86.67486416219553 -186.2846885176523 -6 -0.03423400052678581 -0.03423400052678581 1
-70.35002134309148 -188.0004986379866 -9 -0.05372855892620309 -0.05372855892620309 1
-55.092526477777625 -190.41704842298432 -6 -0.07281356366111151 -0.07281356366111151 -1
-38.90048021499423 -192.1189010628206 -9 -0.08368452384094886 -0.08368452384094886 1
-27.590307865846743 -193.91025638031414 -6 -0.0937745468360443 -0.0937745468360443 -1
6.798893865042006 -197.52470712963628 -3 -0.11138759289664617 -0.11138759289664617 -1
44.813771055788216 -199.51698242292082 0 -0.11999685769860859 -0.11999685769860859 -1
86.69267439260291 -199.51698242292082 3 -0.11999685769860859 -0.11999685769860859 -1
124.69895411724536 -197.52515770374225 6 -0.11138759289664617 -0.11138759289664617 -1
162.1190873954161 -193.59214321200045 9 -0.0920498271921278 -0.0920498271921278 -1
187.0457850231992 -189.6441421590853 12 -0.06725496448324986 -0.06725496448324986 -1
202.7073282179479 -186.31517838716297 15 -0.03450887317945309 -0.03450887317945309 -1
206.74659230280582 -185.23286083760925 18 0.010137412100731687 0.010137412100731687 -1
202.32338875943606 -186.67004678929726 15 0.039185009571976764 0.039185009571976764 1
186.36821731323434 -190.9452220934071 12 0.07619613302163802 0.07619613302163802 1
159.1021390006656 -196.74080594975226 9 0.10769475418053005 0.10769475418053005 1
122.2733585781599 -202.57391172480604 6 0.13202031349428603 0.13202031349428603 1
83.75701106959994 -206.62214297492028 3 0.14654976988848786 0.14654976988848786 1
-106.61184548736638 -216.59895199172266 0 0.17734948013745372 0.17734948013745372 1
-118.84895961685051 -216.59895199172266 -3 0.17734948013745372 0.17734948013745372 1
-131.3567223763653 -215.94344792169736 -6 0.1754915536908296 0.1754915536908296 1
-143.7862982625344 -214.63704685350487 -9 0.1717285290131946 0.1717285290131946 1
-188.68259626519665 -207.5261718217097 -6 0.14959305221000466 0.14959305221000466 -1
-288.02672045584904 -197.08468362051283 -9 0.10924506538869178 0.10924506538869178 1
-352.42509482575576 -186.88498313812488 -6 0.0415871592587901 0.0415871592587901 -1
-327.8746079137822 -189.46534329040787 -3 -0.06560677982218849 -0.06560677982218849 -1
-305.4192279955494 -190.64217988487945 0 -0.07403286877730064 -0.07403286877730064 -1
-280.84031556148767 -190.64217988487945 3 -0.07403286877730064 -0.07403286877730064 -1
-236.28116668241498 -188.3069338453848 0 -0.05608163578597304 -0.05608163578597304 1
-192.7618173125006 -188.3069338453848 -3 -0.05608163578597304 -0.05608163578597304 1
-151.6312692220497 -190.46249453149971 0 -0.07280297380559173 -0.07280297380559173 -1
-127.53348489240277 -190.46249453149971 3 -0.07280297380559173 -0.07280297380559173 -1
-59.16179237867573 -186.87928596103234 0 -0.04142756803794802 -0.04142756803794802 1
-45.07641924577405 -186.87928596103234 -3 -0.04142756803794802 -0.04142756803794802 1
-21.931784133233055 -188.0922448895969 0 -0.05411903742686255 -0.05411903742686255 -1
0.7982115860492407 -188.0922448895969 3 -0.05411903742686255 -0.05411903742686255 -1
18.690054730092935 -187.15457312313708 6 -0.044620061368767755 -0.044620061368767755 -1
37.38937675422477 -185.18919518180408 3 -0.004846981095425799 -0.004846981095425799 1
28.075282332582677 -185.67732618647486 6 0.02260322795399842 0.02260322795399842 -1
15.854836621177842 -186.96174678757777 3 0.04235910751158483 0.04235910751158483 1
-1.2268910075518376 -187.85696219891727 0 0.05185808356967962 0.05185808356967962 1
-19.53279450764887 -187.85696219891727 -3 0.05185808356967962 0.05185808356967962 1
-35.66837643139123 -187.01133218285437 -6 0.04293480303025724 0.04293480303025724 1
-47.469351843403864 -185.77099968678573 -9 0.02453779349515032 0.02453779349515032 1
-50.98109288137081 -185.21479454792262 -6 -0.006592665047855781 -0.006592665047855781 -1
-44.46098176659137 -185.90008584048874 -3 -0.026975715385048112 -0.026975715385048112 -1
-28.11743330312084 -186.75661492106397 0 -0.039798024664570004 -0.039798024664570004 -1
-16.416814051737212 -186.75661492106397 3 -0.039798024664570004 -0.039798024664570004 -1
-4.51156272174635 -186.1326871370527 6 -0.030979416037633517 -0.030979416037633517 -1
2.857525634601868 -185.35816474075355 3 -0.013575426903569297 -0.013575426903569297 1
6.095262535490339 -185.18848213987516 0 -0.003788603086138946 -0.003788603086138946 1
7.3038269199688 -185.18848213987516 -3 -0.003788603086138946 -0.003788603086138946 1
12.136555619767961 -185.44175471890912 0 -0.016349232584445327 -0.016349232584445327 -1
18.529105560286297 -185.44175471890912 3 -0.016349232584445327 -0.016349232584445327 -1
22.280975935951492 -185.24512752436266 6 -0.008394167235517938 -0.008394167235517938 -1
22.223359773835313 -185.25118322702082 9 0.008696236508743373 0.008696236508743373 -1
18.88013150688443 -185.7806985649592 6 0.024574334710326967 0.024574334710326967 1
5.608622095922476 -187.1755904124196 3 0.044696063889350164 0.044696063889350164 1
-8.281556309380338 -187.90354381648677 0 0.05220627361021299 0.05220627361021299 1
-25.039770138258895 -187.90354381648677 -3 0.05220627361021299 0.05220627361021299 1
-39.76554490457351 -187.13179866276198 -6 0.04419887230504217 0.04419887230504217 1
-58.32776192065883 -185.1808310384508 -3 -0.00048704574187950046 -0.00048704574187950046 -1
-56.62869356583429 -185.26987543777722 0 -0.009436494259422818 -0.009436494259422818 -1
-52.74085793095103 -185.26987543777722 3 -0.009436494259422818 -0.009436494259422818 -1
-51.04868685016005 -185.18119250926597 0 -0.0003562058512721417 -0.0003562058512721417 1
-50.91261621497277 -185.18119250926597 -3 -0.0003562058512721417 -0.0003562058512721417 1
-49.17342172134715 -185.27233983041816 -6 -0.009541166171908705 -0.009541166171908705 1
-32.00840859270364 -187.07645540862953 -3 -0.04351291673389592 -0.04351291673389592 -1
-15.876349562077348 -187.92190079768758 0 -0.05233152536083241 -0.05233152536083241 -1
1.288390756275751 -187.92190079768758 3 -0.05233152536083241 -0.05233152536083241 -1
17.54184632255819 -187.07009328578314 6 -0.0434344127995315 -0.0434344127995315 -1
28.853421765049823 -185.8811987992501 9 -0.026396273286904068 -0.026396273286904068 -1
33.21919838808688 -185.18972771222877 12 -0.0018360622755876398 -0.0018360622755876398 -1
30.75463287015718 -185.71358728473047 9 0.022905428931725792 0.022905428931725792 1
18.289277990926756 -187.68790554072436 6 0.049968591383685174 0.049968591383685174 1
-0.5484937000804735 -189.6678351284171 3 0.06690220243304554 0.06690220243304554 1
-23.646260004655957 -190.87833776683857 0 0.07540679532252209 0.07540679532252209 1
-48.832129642378206 -190.87833776683857 -3 0.07540679532252209 0.07540679532252209 1
-72.65459395785673 -189.62985531501485 -6 0.06661435467370941 0.06661435467370941 1
-90.73640711753471 -187.72938017065002 -9 0.05036017863558883 0.05036017863558883 1
-102.95558855422966 -185.7940519575752 -6 0.024470274671431206 0.024470274671431206 -1
-108.1477682080433 -185.24833188569912 -3 0.007223078232268466 0.007223078232268466 -1
-108.96846494687134 -185.20532099215234 0 -0.0029824332351055406 -0.0029824332351055406 -1
-108.15127824045283 -185.20532099215234 -3 -0.0029824332351055406 -0.0029824332351055406 1
-105.40575450872659 -185.34920779390103 -6 -0.012350569402592361 -0.012350569402592361 1
-97.76083592267707 -186.1527211155561 -9 -0.030904371632600763 -0.030904371632600763 1
-85.22296340816582 -188.13852503662756 -6 -0.05421310692359438 -0.05421310692359438 -1
-64.16436439424199 -190.35187298175256 -3 -0.07177388875256131 -0.07177388875256131 -1
-40.525621601794995 -191.5907269965477 0 -0.0799382979264588 -0.0799382979264588 -1
-11.907710944122876 -191.5907269965477 3 -0.0799382979264588 -0.0799382979264588 -1
13.435251596624088 -190.26255860933384 6 -0.07114585727764612 -0.07114585727764612 -1
31.872524964763986 -188.3247230915913 9 -0.05588470164056764 -0.05588470164056764 -1
45.537205281280286 -186.16045034744593 12 -0.030933404466651656 -0.030933404466651656 -1
49.77426039598087 -185.25983648065875 9 -0.007335427558835782 -0.007335427558835782 1
47.30035841553773 -185.65166406124905 6 0.02105742784596624 0.02105742784596624 1
37.58879484710635 -186.672390523343 3 0.03825236005349516 0.03825236005349516 1
23.46188482318147 -187.41275050582828 0 0.04694012878982428 0.04694012878982428 1
9.239025799864695 -187.41275050582828 -3 0.04694012878982428 0.04694012878982428 1
-4.841008425085471 -186.6748471798694 -6 0.03827852803161663 0.03827852803161663 1
-16.13634235462373 -185.48765974513483 -3 0.016641136135212467 0.016641136135212467 -1
-20.56626589841563 -185.255497289811 0 0.006671136470931751 0.006671136470931751 -1
-22.667673886758994 -185.255497289811 -3 0.006671136470931751 0.006671136470931751 1
-15.470826025947758 -185.63266810403402 -6 -0.02051739279727761 -0.02051739279727761 1
-5.634043616540385 -186.6665555966496 -3 -0.03813043885787714 -0.03813043885787714 -1
34.326890952841026 -188.76081943550577 0 -0.05956201293936374 -0.05956201293936374 -1
58.62819223210259 -188.76081943550577 3 -0.05956201293936374 -0.05956201293936374 -1
78.74270787620861 -187.70666233924425 6 -0.04993219699066158 -0.04993219699066158 -1
93.30403849592064 -186.1762048200087 9 -0.03101254513921639 -0.03101254513921639 -1
99.34569735630694 -185.21930006277455 6 0.0015258235891518572 0.0015258235891518572 1
94.01908137425542 -185.779149962122 3 0.023685857801894306 0.023685857801894306 1
85.20381744197637 -186.24113836860667 0 0.03198110686640133 0.03198110686640133 1
74.61807106919908 -186.24113836860667 -3 0.03198110686640133 0.03198110686640133 1
64.17672162269909 -185.6939304313974 0 0.02180176337714823 0.02180176337714823 -1
56.633311494205785 -185.6939304313974 3 0.02180176337714823 0.02180176337714823 -1
46.1498332446663 -186.24334624561786 6 0.0320072748445228 0.0320072748445228 -1
32.85550488379688 -187.64063646135784 3 0.049202207052051715 0.049202207052051715 1
18.57685501904344 -188.38894879192966 0 0.05629372912297097 0.05629372912297097 1
0.45027424144693223 -188.38894879192966 -3 0.05629372912297097 0.05629372912297097 1
-15.476327633676854 -187.5542709561293 -6 0.048312495795921624 0.048312495795921624 1
-31.945902806782218 -185.8232488524095 -3 0.024532270402530573 0.024532270402530573 -1
-39.03714353299326 -185.45161267358728 0 0.015164134235043179 0.015164134235043179 -1
-44.996648287365176 -185.45161267358728 3 0.015164134235043179 0.015164134235043179 -1
-47.16925852726653 -185.5654743515081 0 0.018539803412713197 0.018539803412713197 1
-52.74973935449364 -185.5654743515081 -3 0.018539803412713197 0.018539803412713197 1
-57.652560151674145 -185.30852840130518 -6 0.009302507135833558 0.009302507135833558 1
-57.56722986475803 -185.31749697585653 -9 -0.009721673178879333 -0.009721673178879333 1
-50.866574003841684 -186.37877660419554 -12 -0.03396901526011524 -0.03396901526011524 1
-41.41681377929408 -188.38738514613155 -9 -0.056215566177615056 -0.056215566177615056 -1
-19.76177342279616 -191.81720659320044 -6 -0.08116686335153268 -0.08116686335153268 -1
15.27928759556673 -195.50017051443336 -3 -0.10134085676219239 -0.10134085676219239 -1
57.967553291188594 -197.73736772098536 0 -0.11183421598890038 -0.11183421598890038 -1
103.26041076669544 -197.73736772098536 3 -0.11183421598890038 -0.11183421598890038 -1
145.02643897394483 -195.54850293317057 6 -0.10157636856528558 -0.10157636856528558 -1
178.34479739151186 -192.04660235138448 9 -0.08255218825057022 -0.08255218825057022 -1
218.86043630979634 -185.62955555692096 6 -0.0198219677694375 -0.0198219677694375 1
222.5887490409037 -185.23769409848666 3 9.070448305041704e-05 9.070448305041704e-05 1
221.41327402604566 -185.29929813361804 0 0.00783642600700605 0.00783642600700605 1
213.24771812674834 -185.29929813361804 3 0.00783642600700605 0.00783642600700605 -1
207.87447883678223 -185.58089767236152 6 0.018512961080566624 0.018512961080566624 -1
192.20287195318403 -187.2280499292464 3 0.04459281266584604 0.04459281266584604 1
176.71634438128078 -188.0396644480954 0 0.052914229708474536 0.052914229708474536 1
159.14882011806625 -188.0396644480954 -3 0.052914229708474536 0.052914229708474536 1
141.60708969663736 -187.12034131192658 -6 0.0433629176941368 0.0433629176941368 1
123.97385207364485 -185.267013356304 -3 0.005000971674908157 0.005000971674908157 -1
123.77153801611422 -185.2564105258311 0 -0.0037653009957849285 -0.0037653009957849285 -1
125.26636251143918 -185.2564105258311 3 -0.0037653009957849285 -0.0037653009957849285 -1
124.80351214447285 -185.28066748570416 6 0.0061785306903743755 0.0061785306903743755 -1
118.25766074809948 -185.96866419088272 9 0.026927430649003492 0.026927430649003492 -1
91.57737307428836 -190.19440662179753 6 0.07033799469766697 0.07033799469766697 1
66.69604995140168 -192.80953906102675 3 0.086958020357226 0.086958020357226 1
37.37499266574506 -194.34619055959882 0 0.09538410931233815 0.09538410931233815 1
7.328998232358398 -194.34619055959882 -3 0.09538410931233815 0.09538410931233815 1
-22.850595719760392 -192.76454506090442 -6 0.08669634057601133 0.08669634057601133 1
-54.91749872101373 -189.39417774361903 -3 0.06437951366836446 0.06437951366836446 -1
-83.63633903215847 -187.88908709932764 -6 0.051374028541992744 0.051374028541992744 1
-95.67744216355919 -186.62351616294663 -9 0.03705362907432429 0.03705362907432429 1
-103.5018133541715 -185.38425751103 -12 0.011476594040246538 0.011476594040246538 1
-100.72896105102609 -185.97364546260542 -9 -0.026779157070221285 -0.026779157070221285 -1
-86.93979767530426 -188.15763438641295 -6 -0.0538423195221805 -0.0538423195221805 -1
-63.48693648047677 -190.62262942708733 -3 -0.07323234945833156 -0.07323234945833156 -1
-32.305489499212364 -192.25677981820726 0 -0.08364720475067515 -0.08364720475067515 -1
-0.18496287495286423 -192.25677981820726 3 -0.08364720475067515 -0.08364720475067515 -1
30.620162267715447 -190.64235161894388 6 -0.07336318934893889 -0.07336318934893889 -1
54.10201533667432 -188.17430940950996 9 -0.053973159412787824 -0.053973159412787824 -1
71.92517802262606 -185.35139776268272 6 -0.009311119643802466 -0.009311119643802466 1
72.25517220181499 -185.31671397683698 3 0.0071521133208529266 0.0071521133208529266 1
68.56520734626515 -185.5100968405488 0 0.015630538232209702 0.015630538232209702 1
62.48492797393384 -185.5100968405488 -3 0.015630538232209702 0.015630538232209702 1
57.93634720334713 -185.27171582347282 0 0.002363373324623615 0.002363373324623615 -1
57.09971304642914 -185.27171582347282 3 0.002363373324623615 0.002363373324623615 -1
54.04702448361842 -185.43170045189248 6 0.012856732551333721 0.012856732551333721 -1
44.04674047925309 -186.48277265461087 9 0.034859974069174675 0.034859974069174675 -1
32.79944099338555 -188.26416988884245 6 0.054727151129283315 0.054727151129283315 1
14.68314319572833 -190.16826951471043 3 0.06998830676636164 0.06998830676636164 1
-10.673951676175458 -191.4971785460163 0 0.07891158730578166 0.07891158730578166 1
-35.136543740968 -191.4971785460163 -3 0.07891158730578166 0.07891158730578166 1
-60.62443394547947 -190.1614148217879 -6 0.06993597081011871 0.06993597081011871 1
-80.7904497594904 -188.04188115130074 -9 0.052636510139321156 0.052636510139321156 1
-93.18283358583928 -186.07912037467773 -12 0.028389168058086073 0.028389168058086073 1
-96.8314294986223 -185.3035873725333 -15 -0.005188570008982205 -0.005188570008982205 1
-68.74450024774251 -192.8294573831766 -12 -0.08684597873882857 -0.08684597873882857 -1
-35.39502474763412 -199.91810722897827 -9 -0.12094349603294272 -0.12094349603294272 -1
20.090369137676902 -208.70613028568974 -6 -0.15301256136618682 -0.15301256136618682 -1
78.76362892292269 -214.87293838596236 -3 -0.17198447744926332 -0.17198447744926332 -1
0.0 		  -185.0 	      3  0.0 		      0.0 		   -1
-1.550679752575633 -185.0812676822117 6 0.009001784473786268 0.009001784473786268 -1
-4.0640823906792685 -185.3454369444043 3 0.018566138862776516 0.018566138862776516 1
-9.923884722970131 -185.65253617167724 0 0.025526821043088403 0.025526821043088403 1
-17.786145604241355 -185.65253617167724 -3 0.025526821043088403 0.025526821043088403 1
-24.05822030589808 -185.32383066506605 -6 0.01796427536598263 0.01796427536598263 1
-26.970480400024282 -185.01773979497818 -3 -0.0039344376885907155 -0.0039344376885907155 -1
-24.20887509639669 -185.16246939619754 0 -0.012648374403040733 -0.012648374403040733 -1
-19.807240804137955 -185.16246939619754 3 -0.012648374403040733 -0.012648374403040733 -1
-17.398238046054374 -185.03621891135967 0 -0.0057923641352151944 -0.0057923641352151944 1
-15.926977555709994 -185.03621891135967 -3 -0.0057923641352151944 -0.0057923641352151944 1
-12.929491617821194 -185.1933104927966 -6 -0.01379976544038548 -0.01379976544038548 1
-10.042056337925624 -185.49679216976915 -3 -0.022214306733431544 -0.022214306733431544 -1
-0.04044933353388983 -186.02095418213102 0 -0.031896458638376646 -0.031896458638376646 -1
11.187104107174724 -186.02095418213102 3 -0.031896458638376646 -0.031896458638376646 -1
20.866090127001428 -185.5137000191203 6 -0.022580658427132166 -0.022580658427132166 -1
25.620041044740642 -185.01403964342077 9 -0.0030338357960810534 -0.0030338357960810534 -1
21.553560258642314 -185.6581069268176 12 0.02551545407376125 0.02551545407376125 -1
5.8996207634565865 -188.98545448250482 9 0.06304351426636631 0.06304351426636631 1
-14.155697568210028 -192.16190485199687 6 0.08455325320939923 0.08455325320939923 1
-41.03282673793326 -194.98680495951746 3 0.09986667307811242 0.09986667307811242 1
-71.59404865017682 -196.58845073211438 0 0.10758622662394499 0.10758622662394499 1
-103.1168130509945 -196.58845073211438 -3 0.10758622662394499 0.10758622662394499 1
-132.27173063670395 -195.06050624626727 -6 0.10023302477181295 0.10023302477181295 1
-158.64811091451452 -192.2882369680913 -9 0.08528545452453659 0.08528545452453659 1
-179.50671699410543 -188.98455831822568 -12 0.06299354325630248 0.06299354325630248 1
-191.64812867927608 -186.40382159660558 -15 0.037212493594900795 0.037212493594900795 1
-196.62883820589988 -185.06924450121275 -18 0.006801255795354604 0.006801255795354604 1
-196.13958584878077 -185.22821222846915 -15 -0.014211899822141787 -0.014211899822141787 -1
-187.3294937056268 -187.58886930347106 -12 -0.05057597565904628 -0.05057597565904628 -1
-166.60377774772223 -191.99425622563277 -9 -0.08342602280825301 -0.08342602280825301 -1
-133.3468989457417 -197.2616283616257 -6 -0.11056740249273454 -0.11056740249273454 -1
-92.17986313608583 -201.5884581785543 -3 -0.12865082663803995 -0.12865082663803995 -1
-45.47097073126118 -204.0363675022617 0 -0.13783578695867463 -0.13783578695867463 -1
8.147150395663383 -204.0363675022617 3 -0.13783578695867463 -0.13783578695867463 -1
54.589895265417795 -201.60240637982898 6 -0.12870316259428288 -0.12870316259428288 -1
95.97682732596661 -197.2524645356125 9 -0.11051520998570982 -0.11051520998570982 -1
135.4503291000349 -191.00047604947716 12 -0.07719466893213883 -0.07719466893213883 -1
151.23680203480603 -187.64495764156536 9 -0.05099779588910069 -0.05099779588910069 1
162.55637205384735 -185.85211387938463 6 -0.028393015690787973 -0.028393015690787973 1
170.07298061528098 -185.06208648474367 9 0.003801750995649191 0.003801750995649191 -1
161.73818174639882 -186.38218893880915 6 0.03649655418905749 0.03649655418905749 1
148.9160564729667 -187.72984861015394 3 0.051757709826134826 0.051757709826134826 1
131.75300608314328 -188.62932596680753 0 0.05981744708754859 0.05981744708754859 1
113.62831961561547 -188.62932596680753 -3 0.05981744708754859 0.05981744708754859 1
94.27550745863022 -187.6150880587781 -6 0.050632486766911476 0.050632486766911476 1
80.56354997629377 -186.17390325360165 -3 0.03348981879101639 0.03348981879101639 -1
71.30412372708084 -185.68863728644527 0 0.02522073770463084 0.02522073770463084 -1
61.56891897309406 -185.68863728644527 3 0.02522073770463084 0.02522073770463084 -1
55.29972654453898 -186.0171917395239 0 0.031056196825719376 0.031056196825719376 1
45.39279975713553 -186.0171917395239 -3 0.031056196825719376 0.031056196825719376 1
36.969690184265055 -185.57575527215207 -6 0.022865619673698247 0.022865619673698247 1
32.43908091374832 -185.0995690494868 -9 0.006768236330479689 0.006768236330479689 1
32.15379533183902 -185.0543842522633 -6 -0.0002713145963306946 -0.0002713145963306946 -1
35.24075481322782 -185.37883676785083 -3 -0.017988889120197898 -0.017988889120197898 -1
43.65346677345293 -185.8197283194341 0 -0.02764487304702153 -0.02764487304702153 -1
54.296742896557 -185.8197283194341 3 -0.02764487304702153 -0.02764487304702153 -1
62.983685913860256 -185.36446492713895 6 -0.017570201470254326 -0.017570201470254326 -1
65.86338277576125 -185.0617965906719 9 0.002237942318965948 0.002237942318965948 -1
55.84479565801507 -186.6485849041587 6 0.03986043116114141 0.03986043116114141 1
41.660606431697055 -188.13940326565447 3 0.05548743641965553 0.05548743641965553 1
23.413834665444206 -189.09567605300828 0 0.06352100570294754 0.06352100570294754 1
3.4682388747185864 -189.09567605300828 -3 0.06352100570294754 0.06352100570294754 1
-12.251126860577925 -188.27185900308345 -6 0.056664995435121816 0.056664995435121816 1
-25.901943907982847 -186.8371003165643 -9 0.04213553904091805 0.04213553904091805 1
-34.22863193518873 -185.5182824936178 -12 0.02132975519056762 0.02132975519056762 1
-36.2542036070362 -185.08773394363368 -9 -0.004659206161652346 -0.004659206161652346 -1
-30.78443498912718 -185.95406018488566 -6 -0.029766937800609617 -0.029766937800609617 -1
-17.038631740120504 -187.39880232348494 -3 -0.048268475798984196 -0.048268475798984196 -1
2.1275685074218598 -188.40326031575268 0 -0.057741283878957515 -0.057741283878957515 -1
25.050858207368073 -188.40326031575268 3 -0.057741283878957515 -0.057741283878957515 -1
45.07077189672815 -187.35406109785518 6 -0.04779745219279768 -0.04779745219279768 -1
65.87502274631684 -185.16744622203387 3 0.009745466836045333 0.009745466836045333 1
56.921520588829125 -185.63667938691376 0 0.023745335131033135 0.023745335131033135 1
34.62465090078992 -185.63667938691376 -3 0.023745335131033135 0.023745335131033135 1
26.66567854023113 -185.2195673201217 0 0.01210058486697777 0.01210058486697777 -1
22.176361554582225 -185.2195673201217 3 0.01210058486697777 0.01210058486697777 -1
17.628265059977945 -185.4579229573689 0 0.01961079458784036 0.01961079458784036 1
11.35281079186883 -185.4579229573689 -3 0.01961079458784036 0.01961079458784036 1
6.8122142145039986 -185.21996037412904 -6 0.01210058486697777 0.01210058486697777 1
7.319307377427331 -185.27325801322655 -3 -0.01408379518156935 -0.01408379518156935 -1
13.940149690514387 -185.62024165583864 0 -0.02334725943657078 -0.02334725943657078 -1
23.255706205705714 -185.62024165583864 3 -0.02334725943657078 -0.02334725943657078 -1
30.511662085420852 -185.239973121607 6 -0.012827732231738718 -0.012827732231738718 -1
28.217470439675754 -185.48110238008593 3 0.020098733697572018 0.020098733697572018 1
21.155541484048342 -185.85120239410497 0 0.02781828724340663 0.02781828724340663 1
11.58605067231673 -185.85120239410497 -3 0.02781828724340663 0.02781828724340663 1
5.934378467391193 -185.5550108046091 0 0.021851988231710726 0.021851988231710726 -1
-1.4078895784635785 -185.5550108046091 3 0.021851988231710726 0.021851988231710726 -1
-12.817918164328221 -186.1529850643503 6 0.032790203086486544 0.032790203086486544 -1
-29.605018964254413 -187.91738045625436 3 0.053277781886946526 0.053277781886946526 1
-49.83185246678939 -188.97742388205003 0 0.062436574229462166 0.062436574229462166 1
-69.37450020061215 -188.97742388205003 -3 0.062436574229462166 0.062436574229462166 1
-87.38936369956213 -188.03330489198297 -6 0.05435066898992693 0.05435066898992693 1
-101.60223656619729 -186.53947175840702 -9 0.038201021415074546 0.038201021415074546 1
-109.40423216534505 -185.30375705202135 -12 0.014892286124080216 0.014892286124080216 1
-109.64284176264586 -185.2530390164376 -15 -0.012967880445499484 -0.012967880445499484 1
-106.2537371355617 -186.1611468643294 -12 -0.032767537395842254 -0.032767537395842254 -1
-89.39487459974043 -189.74460871861115 -9 -0.0682164806802699 -0.0682164806802699 -1
-60.11930938855816 -194.38140272976895 -6 -0.096374684387513 -0.096374684387513 -1
-17.84521030243216 -198.82458958576166 -3 -0.1171758485777787 -0.1171758485777787 -1
28.512293558439623 -201.25408341621497 0 -0.1271196802639359 -0.1271196802639359 -1
78.72456726269424 -201.25408341621497 3 -0.1271196802639359 -0.1271196802639359 -1
149.40081491885843 -197.55009822849712 6 -0.11160206923790639 -0.11160206923790639 -1
183.0012441889826 -194.01855080546224 9 -0.09445940126200902 -0.09445940126200902 -1
219.58906658151355 -188.2236090331276 6 -0.055898305629590604 -0.055898305629590604 1
246.77584871629426 -185.3661630875169 9 -0.016282018051150128 -0.016282018051150128 -1
236.3568654389767 -187.01636792264554 6 0.04371059929177829 0.04371059929177829 1
220.5538107563661 -188.67733589992304 3 0.05975571840336302 0.05975571840336302 1
200.6595983216183 -189.71994739421322 0 0.06792012757726124 0.06792012757726124 1
179.6722789002472 -189.71994739421322 -3 0.06792012757726124 0.06792012757726124 1
159.66695043144557 -188.67151255533554 -6 0.05970338244712007 0.05970338244712007 1
132.01854532249448 -185.76554808004363 -3 0.0256271034218652 0.0256271034218652 -1
124.27965853879115 -185.35997020958692 0 0.015840279604434203 0.015840279604434203 -1
117.73762306216041 -185.35997020958692 3 0.015840279604434203 0.015840279604434203 -1
114.98967631791471 -185.50398399604086 0 0.019870148235141084 0.019870148235141084 1
108.88954080972599 -185.50398399604086 -3 0.019870148235141084 0.019870148235141084 1
103.4965937131118 -185.22135161491641 -6 0.010580516002018413 0.010580516002018413 1
102.52134867004015 -185.11884923046773 -3 -0.0029559199911426887 -0.0029559199911426887 -1
105.57356576786934 -185.27880915045475 0 -0.012978255611666299 -0.012978255611666299 -1
110.8038027793727 -185.27880915045475 3 -0.012978255611666299 -0.012978255611666299 -1
113.94453815435222 -185.11421018413634 6 -0.0018830328881623394 -0.0018830328881623394 -1
108.2736772992211 -185.71024167761294 9 0.024458139855286245 0.024458139855286245 -1
100.91569785149157 -186.8756311343605 6 0.041978799939791804 0.041978799939791804 1
87.23751503554351 -188.3132660790548 3 0.056560520565629394 0.056560520565629394 1
69.56245781817941 -189.23957657651755 0 0.06422773815522059 0.06422773815522059 1
49.58763125190611 -189.23957657651755 -3 0.06422773815522059 0.06422773815522059 1
32.03322288926805 -188.31958901760405 -6 0.05661285652187233 0.05661285652187233 1
17.529917836829142 -186.79523023124264 -9 0.040985851263358214 0.040985851263358214 1
7.18208809315603 -185.1562950087172 -6 0.006179182791906942 0.006179182791906942 -1
8.515391126614606 -185.29643080442628 -3 -0.013315375607510387 -0.013315375607510387 -1
15.506536441909326 -185.66282120504584 0 -0.023311543249913018 -0.023311543249913018 -1
26.696077201868018 -185.66282120504584 3 -0.023311543249913018 -0.023311543249913018 -1
36.01207592675143 -185.1745904000711 0 -0.007401412552057824 -0.007401412552057824 1
38.42493641872178 -185.1745904000711 -3 -0.007401412552057824 -0.007401412552057824 1
44.043368886543426 -185.46903996876136 0 -0.01867981112241225 -0.01867981112241225 -1
50.71206145724404 -185.46903996876136 3 -0.01867981112241225 -0.01867981112241225 -1
56.003197165875875 -185.19174329638676 6 -0.008448131676916685 -0.008448131676916685 -1
54.963412602482215 -185.30102905776332 9 0.013398317146022836 0.013398317146022836 -1
38.92916703889737 -187.84060406737785 6 0.052115847243479445 0.052115847243479445 1
22.438241399034837 -189.57387019557876 3 0.06669756786931759 0.06669756786931759 1
-0.5180107179991825 -190.77695638969413 0 0.07517599278067268 0.07517599278067268 1
-24.499152415033723 -190.77695638969413 -3 0.07517599278067268 0.07517599278067268 1
-45.908384594317624 -189.65494607502282 -6 0.06729943136611131 0.06729943136611131 1
-65.70088843494517 -187.57467009486072 -9 0.04947732837897585 0.04947732837897585 1
-80.04153578541509 -185.30333469036535 -6 0.013184532489642731 0.013184532489642731 -1
-81.07066416755609 -185.19516893877022 -3 -0.008034745553690872 -0.008034745553690872 -1
-74.8872032712978 -185.5192303926266 0 -0.01970566379586744 -0.01970566379586744 -1
-72.60134627097793 -185.5192303926266 -3 -0.01970566379586744 -0.01970566379586744 1
-64.56671332352259 -185.9403076627571 -6 -0.028445768488439507 -0.028445768488439507 1
-57.97986979732891 -186.63261281439236 -3 -0.038741822120303325 -0.038741822120303325 -1
-50.97979844840352 -186.99947100861243 -6 -0.04321654637907525 -0.04321654637907525 1
-33.11037675915314 -188.877622909901 -3 -0.06119544206111156 -0.06119544206111156 -1
-6.927511526450272 -190.2498087320141 0 -0.0715317934190911 -0.0715317934190911 -1
22.47205556879604 -190.2498087320141 3 -0.0715317934190911 -0.0715317934190911 -1
49.92190518952389 -188.8112230717383 6 -0.060645914520560625 -0.060645914520560625 -1
69.7996547112901 -186.72198740945043 9 -0.03984475033029768 -0.03984475033029768 -1
75.2303911126357 -185.8618432639731 6 0.026874549009360905 0.026874549009360905 1
65.57777265155322 -186.87637434563652 3 0.0416653265617338 0.0416653265617338 1
50.36959471588255 -187.6734011781863 0 0.05032692731994145 0.05032692731994145 1
35.01988188329975 -187.6734011781863 -3 0.05032692731994145 0.05032692731994145 1
1.3620569246831564 -185.9094693166079 -6 0.027717794222988555 0.027717794222988555 1
-4.767543990076609 -185.2652222999783 -3 0.011097768563431733 0.011097768563431733 -1
-7.093578078118675 -185.14332001888738 0 0.0009969290085436767 0.0009969290085436767 -1
-7.948943167449123 -185.14332001888738 -3 0.0009969290085436767 0.0009969290085436767 1
-5.039176871008296 -185.29581440871652 0 -0.01237490781152835 -0.01237490781152835 -1
-0.23771264013526347 -185.29581440871652 3 -0.01237490781152835 -0.01237490781152835 -1
2.618804572312441 -185.14611068512832 6 -0.0017768766723323488 -0.0017768766723323488 -1
-3.0808361917416867 -185.74516706892328 3 0.024512031839482407 0.024512031839482407 1
-13.05209894371996 -186.26773880640212 0 0.033513816313269204 0.033513816313269204 1
-24.245713592352132 -186.26773880640212 -3 0.033513816313269204 0.033513816313269204 1
-40.90607397472822 -185.39460631670664 -6 0.01579809512503181 0.01579809512503181 1
-31.388528434311016 -186.39494066233846 -9 -0.03531632341285055 -0.03531632341285055 1
-28.265347515206653 -186.88960392424332 -6 -0.041730136479499795 -0.041730136479499795 -1
-10.247817858436171 -188.78332260019482 -3 -0.0602839387095082 -0.0602839387095082 -1
15.928506496739805 -190.15516562944225 0 -0.07075112995809531 -0.07075112995809531 -1
43.94595396014548 -190.15516562944225 3 -0.07075112995809531 -0.07075112995809531 -1
69.20606177183419 -188.8313394745814 6 -0.06067645838133029 -0.06067645838133029 -1
100.93906728524327 -185.49606619741306 3 -0.018551487684466142 -0.018551487684466142 1
107.47640464070058 -185.1534588641895 6 -0.0010451103212014536 -0.0010451103212014536 -1
100.94991436923098 -185.83942063314117 3 0.026184554360022178 0.026184554360022178 1
90.92842024980749 -186.3646248850382 0 0.03479381916198688 0.03479381916198688 1
80.00316103294253 -186.3646248850382 -3 0.03479381916198688 0.03479381916198688 1
69.54973521459159 -185.81678405199844 -6 0.025739698731957132 0.025739698731957132 1
64.26747659897869 -185.2615962997289 -3 0.010321750399978319 0.010321750399978319 -1
62.244947025520794 -185.15560001624965 0 0.0005349265825479138 0.0005349265825479138 -1
62.01706830135627 -185.15560001624965 3 0.0005349265825479138 0.0005349265825479138 -1
59.869656944141326 -185.2681410766885 6 0.010609598159314506 0.010609598159314506 -1
45.59706210948403 -186.76825124204197 3 0.040138889032426475 0.040138889032426475 1
33.39293912335045 -187.40784222584236 0 0.047439754928317514 0.047439754928317514 1
17.500621222364458 -187.40784222584236 -3 0.047439754928317514 0.047439754928317514 1
3.527061232813518 -186.67551897811163 -6 0.03896133001696018 0.03896133001696018 1
-10.802577071527221 -185.16941330250015 -3 -0.0031113764482701856 -0.0031113764482701856 -1
-7.173140764687427 -185.35962399939086 0 -0.01412809523740971 -0.01412809523740971 -1
-2.1435388601696106 -185.35962399939086 3 -0.01412809523740971 -0.01412809523740971 -1
1.5016838924343388 -185.16858596993487 6 -0.0028758646451769385 -0.0028758646451769385 -1
-0.9748885358565205 -185.4288842210904 9 0.01635737259607125 0.01635737259607125 -1
-7.905871399561034 -186.52664406285697 6 0.036928504748861564 0.036928504748861564 1
-22.221177295486324 -188.0312433416424 3 0.053548530408418386 0.053548530408418386 1
-41.41945620445233 -189.03738250531774 0 0.06223629914474751 0.06223629914474751 1
0.0 		   -185.0 	       3 0.0 		     0.0 		 -1
-4.418182953281326 -185.23154715704763 0 0.015203595288575018 0.015203595288575018 1
-10.210752758228553 -185.23154715704763 -3 0.015203595288575018 0.015203595288575018 1
-14.612577007008488 -185.00085732337487 -6 -0.00023551180309324736 -0.00023551180309324736 1
-6.37535252630638 -185.86662450313074 -3 -0.029398953054768452 -0.029398953054768452 -1
4.21083807488778 -186.42142324360628 0 -0.037668034141154 -0.037668034141154 -1
16.603621307327455 -186.42142324360628 3 -0.037668034141154 -0.037668034141154 -1
29.08905560845333 -185.76708935850002 6 -0.027645698520629744 -0.027645698520629744 -1
35.49123820596092 -185.09419285255774 9 -0.009510010143691953 -0.009510010143691953 -1
34.915947823174825 -185.18530989785944 6 0.013407638984701929 0.013407638984701929 1
28.423469946850968 -185.86769682002975 3 0.02934822963301901 0.02934822963301901 1
17.853285980288653 -186.42165668833053 0 0.03761731071940456 0.03761731071940456 1
7.65899477532993 -186.42165668833053 -3 0.03761731071940456 0.03761731071940456 1
-10.494000710628978 -185.47029850757633 0 0.021524004174698505 0.021524004174698505 -1
-17.855210138375927 -185.47029850757633 3 0.021524004174698505 0.021524004174698505 -1
-27.508343458198258 -185.97619778799137 0 0.03112765214527919 0.03112765214527919 1
-36.87776675392744 -185.97619778799137 -3 0.03112765214527919 0.03112765214527919 1
-45.27737377748499 -185.53599303703646 -6 0.022989410949501007 0.022989410949501007 1
-49.82518314250617 -185.0579990115918 -9 0.007048820301183929 0.007048820301183929 1
-49.1294117207145 -185.1681983788262 -6 -0.01258370506136508 -0.01258370506136508 -1
-42.77286511839467 -185.83629834839365 -3 -0.028733352636217464 -0.028733352636217464 -1
-31.68966815757864 -186.41714408846659 0 -0.037499625306911005 -0.037499625306911005 -1
-17.1023139131904 -186.41714408846659 3 -0.037499625306911005 -0.037499625306911005 -1
-5.26301183742563 -185.79667255841463 6 -0.028026817226937686 -0.028026817226937686 -1
-1.3181788186725834 -185.3820539007278 3 -0.019246426312454837 -0.019246426312454837 1
3.1646065871716327 -185.14712107260513 0 -0.011631544679106385 -0.011631544679106385 1
6.584280722828957 -185.14712107260513 -3 -0.011631544679106385 -0.011631544679106385 1
13.932044131883186 -185.53220103557078 0 -0.0228052713369752 -0.0228052713369752 -1
21.68583638645457 -185.53220103557078 3 -0.0228052713369752 -0.0228052713369752 -1
28.357803705546825 -185.18253804492818 6 -0.013044615497665847 -0.013044615497665847 -1
26.751812103573467 -185.3513345640967 3 0.01836618771426392 0.01836618771426392 1
20.121976999105556 -185.69878949893462 0 0.026164245194462952 0.026164245194462952 1
11.304626368571643 -185.69878949893462 -3 0.026164245194462952 0.026164245194462952 1
4.057106255350959 -185.31896306449153 -6 0.017450308480012357 0.017450308480012357 1
1.2220618936996708 -185.0209878949159 -3 0.002398209769470317 0.002398209769470317 -1
2.06499323190747 -185.06516405443944 0 -0.007048430332381005 -0.007048430332381005 -1
4.771590479541728 -185.06516405443944 3 -0.007048430332381005 -0.007048430332381005 -1
5.690904843201239 -185.016984830177 0 -0.0011606352550498672 -0.0011606352550498672 1
6.10409099399902 -185.016984830177 -3 -0.0011606352550498672 -0.0011606352550498672 1
7.855477356665047 -185.10877110011094 -6 -0.009639060166406687 -0.009639060166406687 1
11.950902856806088 -185.53921766539082 -3 -0.02286191076976479 -0.02286191076976479 -1
21.51479401147233 -186.04043996211158 0 -0.03199453513415895 -0.03199453513415895 -1
34.056651784063114 -186.04043996211158 3 -0.03199453513415895 -0.03199453513415895 -1
44.975882725686674 -185.4681873169825 6 -0.021239496126233444 -0.021239496126233444 -1
49.12598326496187 -185.0319941735263 9 0.003690542363101838 0.003690542363101838 -1
35.690875973021875 -187.1599061226603 6 0.04624071685404436 0.04624071685404436 1
20.769590990545097 -188.72819636992475 3 0.06087470171151577 0.06087470171151577 1
-1.8329272208389282 -189.91274415558792 0 0.06992882214154356 0.06992882214154356 1
-24.699652061123814 -189.91274415558792 -3 0.06992882214154356 0.06992882214154356 1
-45.76550704947774 -188.8087294769497 -6 0.061528901164552605 0.061528901164552605 1
-62.409176455644456 -187.0594093319998 -9 0.04511793243153109 0.04511793243153109 1
-67.91909044280052 -186.18672468890816 -6 0.03408930264619519 0.03408930264619519 -1
-76.26816029452489 -185.30920208696298 -3 0.01684210620703245 0.01684210620703245 -1
-81.0506360016706 -185.05856315567644 0 0.005720715505406973 0.005720715505406973 -1
-82.79545423081895 -185.05856315567644 -3 0.005720715505406973 0.005720715505406973 1
-83.30433276903383 -185.03189396156378 -6 -0.002417525690370774 -0.002417525690370774 1
-80.51797008338548 -185.32475248081167 -3 -0.01726056747437751 -0.01726056747437751 -1
-73.22082819004159 -185.70717948255506 0 -0.026079176101313998 -0.026079176101313998 -1
-63.10210786272987 -185.70717948255506 3 -0.026079176101313998 -0.026079176101313998 -1
-54.51948755034009 -185.2573834115532 6 -0.015167129224659681 -0.015167129224659681 -1
-52.37070432187146 -185.03153719357329 3 0.0018187460563339594 0.0018187460563339594 1
-53.7994185141316 -185.10641293161981 0 0.008831764192888362 0.008831764192888362 1
-56.60791952747094 -185.10641293161981 -3 0.008831764192888362 0.008831764192888362 1
-58.09120200924228 -185.02867739070072 -6 0.00019633141280269898 0.00019633141280269898 1
-56.79044041225005 -185.16539294361556 -3 -0.011667649168075939 -0.011667649168075939 -1
-50.471106105313474 -185.4965752211893 0 -0.021611480854235515 -0.021611480854235515 -1
-42.777418921206554 -185.4965752211893 3 -0.021611480854235515 -0.021611480854235515 -1
-38.399521435806044 -185.2671393360506 0 -0.015409670039446368 -0.015409670039446368 1
-34.069404154721674 -185.2671393360506 -3 -0.015409670039446368 -0.015409670039446368 1
-27.58798876389212 -185.60681592329493 -6 -0.024018934841411054 -0.024018934841411054 1
-19.12271412414782 -186.49655214061917 -9 -0.03828707007744569 -0.03828707007744569 1
-11.774487994357084 -187.66039682356353 -6 -0.051271130675784406 -0.051271130675784406 -1
11.435287262620239 -190.09984250263633 -3 -0.07118380292827345 -0.07118380292827345 -1
40.66409249593009 -191.6316592760106 0 -0.08123230652691651 -0.08123230652691651 -1
72.5071566544804 -191.6316592760106 3 -0.08123230652691651 -0.08123230652691651 -1
102.22279919207595 -190.07432844064652 6 -0.07100062708142318 -0.07100062708142318 -1
126.34860960933358 -187.53860358657596 9 -0.05004267019625764 -0.05004267019625764 -1
140.0866909469943 -185.36270526277758 12 -0.018051822095530936 -0.018051822095530936 -1
131.45902796976628 -187.19657164046495 9 0.04640080205797435 0.04640080205797435 1
114.56639577602127 -189.87210173607986 6 0.06947488565140823 0.06947488565140823 1
88.49448947510662 -192.61236950975587 3 0.08698340324874243 0.08698340324874243 1
58.783893831192074 -194.16943584862983 0 0.09551416411634045 0.09551416411634045 1
31.371328729803057 -194.16943584862983 -3 0.09551416411634045 0.09551416411634045 1
3.324140462285093 -192.69954499639584 -6 0.08748059483305029 0.08748059483305029 1
-37.058095824265024 -188.45520093318015 -9 0.05836941781300563 0.05836941781300563 1
-57.44022591256471 -185.22698866652277 -6 0.013238074648899766 0.013238074648899766 -1
-58.68704107805034 -185.09594311203674 -3 -0.006570069140320521 -0.006570069140320521 -1
-53.725880721992304 -185.35594650896485 0 -0.01740361208260985 -0.01740361208260985 -1
-44.06687601614364 -185.35594650896485 -3 -0.01740361208260985 -0.01740361208260985 1
-37.11164454336857 -185.7204547448525 -6 -0.025829701037724237 -0.025829701037724237 1
-23.496409928828353 -187.15147356697653 -3 -0.045794637521845954 -0.045794637521845954 -1
-2.4316082235263896 -188.25543304538908 0 -0.056575844507892936 -0.056575844507892936 -1
20.311881268646655 -188.25543304538908 3 -0.056575844507892936 -0.056575844507892936 -1
42.63579947496585 -187.0854860672996 6 -0.0450619341344447 -0.0450619341344447 -1
57.156831582236784 -185.55926409239655 9 -0.022431521836997835 -0.022431521836997835 -1
57.697097172878365 -185.47369442919668 6 0.020353304351505567 0.020353304351505567 1
48.290554303726694 -186.46236192395267 3 0.03744370809576683 0.03744370809576683 1
7.887775094570823 -188.57978185916753 0 0.059320137805318474 0.059320137805318474 1
-17.145323059273643 -188.57978185916753 -3 0.059320137805318474 0.059320137805318474 1
-36.17354107727531 -187.5825552091305 -6 0.05021368141904578 0.05021368141904578 1
-57.21698845964936 -185.37079976465262 -3 0.017548536647904227 0.017548536647904227 -1
-63.06629223131838 -185.0642507436275 -6 0.0009842064970125783 0.0009842064970125783 1
-55.617729744958204 -185.847126207585 -3 -0.027970177828127326 -0.027970177828127326 -1
-42.769990133450506 -186.52044770943087 0 -0.03814952131738042 -0.03814952131738042 -1
-27.967975862307355 -186.52044770943087 3 -0.03814952131738042 -0.03814952131738042 -1
-14.440598439705292 -185.81150789918877 6 -0.02731597837509049 -0.02731597837509049 -1
-7.775088032383172 -185.11093452517179 9 -0.006671606879729029 -0.006671606879729029 -1
-8.45194336837429 -185.21813787874328 6 0.01225696339013894 0.01225696339013894 1
-14.878677396973716 -185.8936148440751 3 0.028720196354794284 0.028720196354794284 1
-25.287639545153556 -186.43912543490245 0 0.0370154454193013 0.0370154454193013 1
-35.98510327133123 -186.43912543490245 -3 0.0370154454193013 0.0370154454193013 1
-46.671152635665656 -185.87909331840874 -6 0.028458516573579548 0.028458516573579548 1
-54.28391773085976 -185.07895946482114 -3 0.002901307304638388 0.002901307304638388 -1
-53.41411338816493 -185.1245439788325 0 -0.007330372140857088 -0.007330372140857088 -1
-49.888204388412994 -185.1245439788325 -3 -0.007330372140857088 -0.007330372140857088 1
-46.42073298347257 -185.30626645489286 -6 -0.015337773446027374 -0.015337773446027374 1
-38.38540873504549 -186.15081306513557 -3 -0.032846291043359246 -0.032846291043359246 -1
-23.428235263593255 -186.9346853111256 0 -0.04315647442321971 -0.04315647442321971 -1
-7.07193145719272 -186.9346853111256 3 -0.04315647442321971 -0.04315647442321971 -1
10.106096996835628 -186.0344229873891 6 -0.03101453257485612 -0.03101453257485612 -1
18.20385450921586 -185.18331437668348 9 -0.01047468954276231 -0.01047468954276231 -1
18.61508720477211 -185.11818151635464 6 0.0065766671466228705 0.0065766671466228705 1
13.82927090973109 -185.6211910781669 3 0.023353485501081173 0.023353485501081173 1
4.86544095705626 -186.0909654998574 0 0.03185807839055998 0.03185807839055998 1
-5.010563344017309 -186.0909654998574 -3 0.03185807839055998 0.03185807839055998 1
-13.56588122516622 -185.64260028864592 0 0.023798341129146215 0.023798341129146215 -1
-23.10901601795413 -185.64260028864592 3 0.023798341129146215 0.023798341129146215 -1
-35.05472523129754 -186.26864838047814 6 0.03452721215895025 0.03452721215895025 -1
-46.17924391491861 -187.43788240941885 3 0.048586290468449575 0.048586290468449575 1
-62.48005099812006 -188.29217150917071 0 0.056698363686106285 0.056698363686106285 1
-81.6440979240251 -188.29217150917071 -3 0.056698363686106285 0.056698363686106285 1
-97.54791471491279 -187.45868778903593 -6 0.04879563429342136 0.04879563429342136 1
-110.87958667067576 -186.0574726033126 -9 0.03128711669608949 0.03128711669608949 1
-116.77523721302501 -185.1236932918135 -12 0.006570471219732775 0.006570471219732775 1
-114.59655638732677 -185.5867861971003 -15 -0.022433209649344713 -0.022433209649344713 1
-103.15393721607127 -188.65282676333516 -12 -0.05970315214410826 -0.05970315214410826 -1
-78.97049792627544 -193.7931754681299 -9 -0.0932808902111778 -0.0932808902111778 -1
-42.097970459404216 -199.63321009432173 -6 -0.12057870436069958 -0.12057870436069958 -1
6.535783691953794 -204.74482363249913 -3 -0.14017779122338309 -0.14017779122338309 -1
65.52903230038886 -207.83652878475957 0 -0.1508019903406984 -0.1508019903406984 -1
123.73860057189755 -207.83652878475957 3 -0.1508019903406984 -0.1508019903406984 -1
183.42077597173537 -204.70871850927313 6 -0.14004695133277575 -0.14004695133277575 -1
236.73514186809712 -199.10515285306155 9 -0.11835729520473887 -0.11835729520473887 -1
276.8686346823292 -192.74863205541064 12 -0.08746148835929159 -0.08746148835929159 -1
305.24528131699617 -186.71698961502065 9 -0.04016157869825059 -0.04016157869825059 1
313.4890039734287 -185.41131221589058 6 -0.01747858126741728 -0.01747858126741728 1
316.37081638255944 -185.10842152644972 3 -0.0013289336925648761 -0.0013289336925648761 1
308.8426873208746 -185.5029540527287 6 0.019893296563948896 0.019893296563948896 -1
300.13200178184485 -186.41848399494822 3 0.03619973683370276 0.03619973683370276 1
286.59589836073974 -187.12788111539393 0 0.04493984152627483 0.04493984152627483 1
253.6549945219719 -187.12788111539393 3 0.04493984152627483 0.04493984152627483 -1
224.12038689846594 -188.6757243129379 6 0.05972474916490722 0.05972474916490722 -1
206.25486210642688 -190.55346663382514 3 0.07378382747440804 0.07378382747440804 1
178.86074863626035 -191.98913128622422 0 0.08294261981692125 0.08294261981692125 1
119.14206236807885 -191.98913128622422 3 0.08294261981692125 0.08294261981692125 -1
92.75057672772134 -193.37225044061566 0 0.09089768516584701 0.09089768516584701 1
63.754215159817626 -193.37225044061566 -3 0.09089768516584701 0.09089768516584701 1
35.144169976791616 -191.87286150738578 -6 0.08223608440764166 0.08223608440764166 1
13.552898319781578 -189.60352741146227 -9 0.06702719300219613 0.06702719300219613 1
-14.161952574375885 -185.21392626391287 -6 0.009928613262512476 0.009928613262512476 -1
-4.1304455038837045 -186.26828014311917 -3 -0.033921077078268 -0.033921077078268 -1
11.515185953050779 -187.08823294325805 0 -0.0443882683268573 -0.0443882683268573 -1
27.894456965661586 -187.08823294325805 3 -0.0443882683268573 -0.0443882683268573 -1
39.462761773669264 -186.48196377820102 0 -0.03693039456223742 -0.03693039456223742 1
68.56391268871396 -186.48196377820102 3 -0.03693039456223742 -0.03693039456223742 -1
80.7403470270354 -185.8438238949438 6 -0.026934226919834638 -0.026934226919834638 -1
87.29822407365812 -185.15456324299217 9 -0.00592400580303639 -0.00592400580303639 -1
80.77547519855969 -186.18766517295245 6 0.0326370898293807 0.0326370898293807 1
65.7641319767239 -187.76542092259407 3 0.051399948985924405 0.051399948985924405 1
46.67671354507431 -188.765750134843 0 0.06034939750346826 0.06034939750346826 1
25.7354726113715 -188.765750134843 -3 0.06034939750346826 0.06034939750346826 1
-23.19108201487833 -186.20161805891084 -6 0.03282068451967839 0.03282068451967839 1
-30.06524416578708 -185.4791145029473 -3 0.018813870441812895 0.018813870441812895 -1
-35.4595990343409 -185.19640834362175 0 0.008425183127588491 0.008425183127588491 -1
-42.24187145204682 -185.19640834362175 -3 0.008425183127588491 0.008425183127588491 1
-43.28411319473454 -185.14178676841144 -6 -0.00400460648011061 -0.00400460648011061 1
-32.52170264945842 -186.27296169838792 -3 -0.033847482743025535 -0.033847482743025535 -1
-16.639396155171 -187.1053181116461 0 -0.04447168186034368 -0.04447168186034368 -1
0.5711447247820743 -187.1053181116461 3 -0.04447168186034368 -0.04447168186034368 -1
18.229294569050882 -186.17989369206083 6 -0.03243441192446598 -0.03243441192446598 -1
26.951892733324424 -185.26311168247506 9 -0.011580983502569211 -0.011580983502569211 -1
27.47704441506066 -185.1799358272772 6 0.007034717837218288 0.007034717837218288 1
21.785104350547577 -185.77818283493593 3 0.025431727372325214 0.025431727372325214 1
11.532286238489085 -186.31551026358187 0 0.03440734386799054 0.03440734386799054 1
4.20352199460713 -186.31551026358187 3 0.03440734386799054 0.03440734386799054 -1
-11.77094551459454 -187.15269663096825 6 0.04495303905094426 0.04495303905094426 -1
-37.163456940806675 -189.82155712589523 9 0.06847194328616697 0.06847194328616697 -1
-43.71581310012146 -190.8593483889957 6 0.07566792867801798 0.07566792867801798 1
-71.29580713194461 -193.7581225703424 3 0.09286286088554918 0.09286286088554918 1
-103.12306691733531 -195.42611857635922 0 0.10144595770939013 0.10144595770939013 1
-224.65532425318136 -195.42611857635922 -3 0.10144595770939013 0.10144595770939013 1
-231.88074798041887 -195.04745016443567 -6 0.09956186328464456 0.09956186328464456 1
-238.39644462217433 -194.36262285168084 -9 0.09606015976517772 0.09606015976517772 1
-249.73328205875995 -192.6001702893513 -15 -0.08624304647802823 -0.08624304647802823 -1
-218.3707649638812 -201.00373141753136 -12 -0.12584236037871466 -0.12584236037871466 -1
-19.275197642895048 -243.32280065102253 -9 -0.24112939293715227 -0.24112939293715227 -1
-3.8722246471763286 -245.7623919082834 -6 -0.24613529581843904 -0.24613529581843904 -1
12.64690610200814 -247.49862251293018 -3 -0.24963699933790495 -0.24963699933790495 -1
30.91601522379247 -248.45606595148246 0 -0.25154726174077363 -0.25154726174077363 -1
49.02741806912829 -248.45606595148246 3 -0.25154726174077363 -0.25154726174077363 -1
66.04788382276811 -247.56406113897114 6 -0.24976783922851228 -0.24976783922851228 -1
82.81711538737085 -245.80154387938052 9 -0.24621387147741255 -0.24621387147741255 -1
234.32527864510757 -196.22001911508596 18 -0.10495761857270813 -0.10495761857270813 1
261.2004481359197 -187.4877472079234 15 0.04754226815132779 0.04754226815132779 1
244.22830088103314 -192.0354203586924 12 0.08248283924016883 0.08248283924016883 1
222.55328331544155 -196.64258756657188 9 0.10680850706584782 0.10680850706584782 1
104.60031239622255 -215.32450285022844 6 0.1734495891729812 0.1734495891729812 1
-126.78143811620347 -239.6437047922705 3 0.23323987016207076 0.23323987016207076 1
-142.68131922568924 -240.47698225208305 0 0.23501929267433047 0.23501929267433047 1
-158.6626311275442 -240.47698225208305 -3 0.23501929267433047 0.23501929267433047 1
-174.32781503012822 -239.65600475168816 -6 0.23326603814019223 0.23326603814019223 1
-191.35070179046457 -237.86682725672875 -9 0.22939848499928958 0.22939848499928958 1
0.0 		    -185.0 		3  0.0 		       0.0 		  -1
-6.265906466347807 -185.32838224309648 0 0.018108240860058522 0.018108240860058522 1
-11.770811687805681 -185.32838224309648 -3 0.018108240860058522 0.018108240860058522 1
-15.995460191346945 -185.1069777967745 -6 0.010310183379859846 0.010310183379859846 1
-13.759042167649685 -185.3420348028896 -3 -0.018435144018744774 -0.018435144018744774 -1
-6.924573798208701 -185.70021411271216 0 -0.026416377345794117 -0.026416377345794117 -1
1.7399979712117413 -185.70021411271216 3 -0.026416377345794117 -0.026416377345794117 -1
9.839834389010887 -185.27571967349942 6 -0.016524881615877226 -0.016524881615877226 -1
12.427769631095469 -185.00371671896303 3 -0.0004797625042924724 -0.0004797625042924724 1
11.413639296766524 -185.05686503768877 0 0.007292126997784641 0.007292126997784641 1
9.50310202334702 -185.05686503768877 -3 0.007292126997784641 0.007292126997784641 1
8.49210725101951 -185.0038810468043 -6 -8.738898105977977e-06 -8.738898105977977e-06 1
9.623707112228832 -185.12281698484347 -3 -0.010879699077941911 -0.010879699077941911 -1
13.951174230200895 -185.34960992641675 0 -0.018573084645654735 -0.018573084645654735 -1
20.507473110117186 -185.34960992641675 3 -0.018573084645654735 -0.018573084645654735 -1
25.756935955923343 -185.07449723623918 6 -0.008341405200159175 -0.008341405200159175 -1
25.146623973033844 -185.13864361047428 9 0.01151900282069494 0.01151900282069494 -1
21.84025900281094 -185.662320375791 6 0.02559810467431586 0.02559810467431586 1
11.525811894808381 -186.74641245126585 3 0.04169548801753442 0.04169548801753442 1
-1.602736354790555 -187.43445051023758 0 0.04925803369464019 0.04925803369464019 1
-16.38014646318257 -187.43445051023758 -3 0.04925803369464019 0.04925803369464019 1
-29.16730406566502 -186.76430397694924 -6 0.04190483184250621 0.04190483184250621 1
-38.710048670356144 -185.7613211029375 -9 0.02742763967993627 0.02742763967993627 1
-42.58679211396011 -185.14730526234067 -6 0.01170597594339291 0.01170597594339291 -1
-43.736495245991186 -185.026466593866 -3 -0.003921029315121259 -0.003921029315121259 -1
-40.315147851563445 -185.20577181296372 0 -0.013943364935644853 -0.013943364935644853 -1
-35.40708339421747 -185.20577181296372 -3 -0.013943364935644853 -0.013943364935644853 1
-30.35225800193697 -185.47068398643665 -6 -0.021427406678386093 -0.021427406678386093 1
-24.596160518161657 -186.07567421058351 -3 -0.03261195224802496 -0.03261195224802496 -1
-12.791536597644068 -186.6943283355293 0 -0.04101187322501788 -0.04101187322501788 -1
2.6699396081877462 -186.6943283355293 3 -0.04101187322501788 -0.04101187322501788 -1
15.873263707708231 -186.00237144031917 6 -0.03146056121068014 -0.03146056121068014 -1
24.37113946016801 -185.10920870797415 9 -0.009770905082642146 -0.009770905082642146 -1
24.259061152451245 -185.1269601680147 6 0.010565575372587902 0.010565575372587902 1
19.421684198176006 -185.63538897348562 3 0.02488597484025636 0.02488597484025636 1
11.499434900174531 -186.05057646612053 0 0.03216067275802592 0.03216067275802592 1
0.9828949082999516 -186.05057646612053 -3 0.03216067275802592 0.03216067275802592 1
-7.880929520756158 -185.5860431118389 -6 0.0238654236935189 0.0238654236935189 1
-12.48183023508819 -185.10246896072573 -9 0.009231438836047483 0.009231438836047483 1
-12.990263675822293 -185.02194101477247 -6 -0.0019536254143290317 -0.0019536254143290317 -1
-9.510324754852931 -185.38769733383222 -3 -0.01920082185349179 -0.01920082185349179 -1
-0.44856998349708965 -185.8626037778065 0 -0.029039981627165735 -0.029039981627165735 -1
11.022222759233387 -185.8626037778065 3 -0.029039981627165735 -0.029039981627165735 -1
20.563516685046235 -185.36256575166786 6 -0.018520454422333486 -0.018520454422333486 -1
20.179893160698583 -185.40288620882433 3 0.019527906207092247 0.019527906207092247 1
12.597381647439605 -185.8002687986223 0 0.02790165920596369 0.02790165920596369 1
3.780457338354978 -185.8002687986223 -3 0.02790165920596369 0.02790165920596369 1
-3.4586184839560525 -185.42088491071348 -6 0.019972761835157293 0.019972761835157293 1
-6.707791435856548 -185.07938307235804 -3 0.007533874706306589 0.007533874706306589 -1
-7.750919611521881 -185.02471504116386 0 -0.0013632378549938142 -0.0013632378549938142 -1
-7.209714183089292 -185.02471504116386 3 -0.0013632378549938142 -0.0013632378549938142 -1
-7.462695794030791 -185.03797324559272 0 0.003870357769300575 0.003870357769300575 1
-8.666377060283384 -185.03797324559272 -3 0.003870357769300575 0.003870357769300575 1
-8.565545960526556 -185.04325757961368 -6 -0.004477227251448968 -0.004477227251448968 1
-5.041845827701233 -185.41361338737985 -9 -0.019738382888526303 -0.019738382888526303 1
0.3402235108015875 -186.2660494273465 -6 -0.03522539492750914 -0.03522539492750914 -1
13.45066336496697 -187.6440121822152 -3 -0.05116598557582622 -0.05116598557582622 -1
37.035131097401575 -188.8800217616446 0 -0.062078032452480565 -0.062078032452480565 -1
60.004003104820285 -188.8800217616446 3 -0.062078032452480565 -0.062078032452480565 -1
83.57757374495924 -187.64458327462305 6 -0.05116598557582622 -0.05116598557582622 -1
99.49049960530506 -185.972067371232 9 -0.03073067100700006 -0.03073067100700006 -1
105.43737301944823 -185.030175153852 12 0.0002433530709658762 0.0002433530709658762 -1
92.93783971376162 -187.68703297578872 9 0.05149358485754335 0.05149358485754335 1
73.82058812246612 -190.71490816961926 6 0.07534984077617889 0.07534984077617889 1
48.26655022161003 -193.40074578113885 3 0.09144722411939958 0.09144722411939958 1
20.383697490312684 -194.86202417286225 0 0.09911444170898921 0.09911444170898921 1
-9.251520580675077 -194.86202417286225 -3 0.09911444170898921 0.09911444170898921 1
-36.669845786495124 -193.42509063716497 -6 0.09157806401000691 0.09157806401000691 1
-61.116486887154934 -190.8556451194657 -9 0.07626464414129372 0.07626464414129372 1
-85.62145794545876 -186.97443899322727 -12 0.04396092711048594 0.04396092711048594 1
-89.97418205013919 -186.04923892363823 -9 -0.0316149725017697 -0.0316149725017697 -1
-74.76378562031492 -188.4583290492905 -6 -0.05836526602364826 -0.05836526602364826 -1
-50.949633460893914 -190.96129730050694 -3 -0.07686680402202474 -0.07686680402202474 -1
-16.487216540696842 -192.76739604002074 0 -0.08783118685491913 -0.08783118685491913 -1
19.17224532240032 -192.76739604002074 3 -0.08783118685491913 -0.08783118685491913 -1
50.37723178333115 -191.13201199704602 6 -0.07796585910312633 -0.07796585910312633 -1
80.90778644967772 -187.92312139660274 9 -0.05355846293012731 -0.05355846293012731 -1
98.80182664097569 -185.08898385575915 6 -0.005533082162776962 -0.005533082162776962 1
97.29775346142428 -185.2470683170795 3 0.013700155078471235 0.013700155078471235 1
64.26927949500372 -186.97801729076735 0 0.04379332991816535 0.04379332991816535 1
39.657428080994165 -186.97801729076735 3 0.04379332991816535 0.04379332991816535 -1
20.12249347887349 -188.00179983170395 6 0.05423435318863318 0.05423435318863318 -1
4.267693622878468 -189.66820644585866 3 0.0678753176450626 0.0678753176450626 1
-18.688642273521786 -190.87129703066452 0 0.07622290266581036 0.07622290266581036 1
-42.927525321249966 -190.87129703066452 -3 0.07622290266581036 0.07622290266581036 1
-65.46843930968014 -189.68997778552085 -6 0.0680323255137914 0.0680323255137914 1
-83.93733111376147 -187.74881903624836 -9 0.051830413707304464 0.051830413707304464 1
-95.77897436110366 -185.8732869979952 -12 0.028443461183790625 0.028443461183790625 1
-83.05910539746465 -188.57697860979954 -9 -0.05919131649589473 -0.05919131649589473 -1
-60.21670414791848 -192.19485954737712 -6 -0.08437726536737297 -0.08437726536737297 -1
-21.22153083385915 -196.29341741760385 -3 -0.10591012880051234 -0.10591012880051234 -1
20.051548904881027 -198.45644787088312 0 -0.11567078463981928 -0.11567078463981928 -1
63.77510549873213 -198.45644787088312 3 -0.11567078463981928 -0.11567078463981928 -1
106.20012804777704 -196.2330466530547 6 -0.10562228104117621 -0.10562228104117621 -1
141.58454150441887 -192.51399493636987 9 -0.08623225110502401 -0.08623225110502401 -1
171.30772732514592 -187.8063047854919 12 -0.05220775495877286 -0.05220775495877286 -1
